3.827301978976674679e+00
1.156065038919570931e+01
3.239525712197069307e+00
3.054633022146039600e+00
1.145439456278715973e+01
2.637663743784226966e+00
7.110708670553059996e+00
3.186629722088776706e+00
2.415161545183444058e+00
9.441136477404175764e+01
2.203639703736715916e+00
2.398668731928952802e+00
7.038763930652033096e+00
1.986759726079352584e+00
1.175472044645321290e+01
2.665021239833130995e+00
2.149186229171465179e+00
2.123151772040168250e+00
7.095281052275177913e+00
2.072392680353376981e+00
2.580555976366355253e+00
1.966267950636866990e+00
3.618272437051433865e+00
2.375375763392947803e+01
5.746765269171129731e+00
3.246601268463037648e+00
1.861347923430225260e+00
1.915455981098762139e+00
1.330208252993549856e+01
4.587967284964302728e+00
1.807571885094964470e+00
9.667121967500857949e+00
1.803077048095939050e+00
1.798211911754854953e+00
1.937223436009067656e+00
1.853133191281108649e+00
1.778234529448802448e+00
1.725517728810547435e+00
1.729702913930643904e+00
1.655218374157214845e+00
2.383216985389419396e+00
7.210733897116520019e+00
6.875314374126308969e+00
2.527966150563976999e+00
1.475744218890084891e+00
1.360830739475721973e+00
1.549389922926099228e+00
1.454038793831376575e+00
1.580105580363632001e+01
1.407146960515863299e+00
1.019354004564414939e+00
1.020233722622353678e+00
4.763195613876430201e+00
2.787806522354708605e+00
2.608421238754034643e+00
2.542434913264111529e+00
1.486872372298708056e+00
9.993790584878332606e-01
1.313378902673167925e+00
1.299767322516579338e+00
1.888942844796676956e+00
1.467031366175257201e+00
9.902770074251595611e-01
4.870115174389042068e+00
9.839389382776883020e-01
9.377578428453440251e-01
9.579343125201710274e-01
9.932995977792342668e-01
1.121559246993955306e+01
9.266605094978291879e-01
2.458155324538896735e+00
1.039172112152552341e+00
9.907202071854809278e-01
1.366273766930895528e+00
9.742649978569091207e-01
4.893438229243469273e+00
2.454063009232954506e+00
9.342491429080289622e-01
9.319282219359742436e-01
1.348992974469183759e+00
1.139108715116116111e+00
1.325138845308151625e+00
2.182834867328531381e+00
8.929913683847043870e-01
4.574793721588211071e+00
9.019318046895946628e-01
3.370414955382469380e+00
8.554415739417592368e-01
1.576729628183540788e+00
1.024971922168482319e+00
1.170198162048612378e+00
8.153340534558710662e-01
1.301757133685807144e+00
1.308042426069542907e+00
2.078163187304308490e+00
7.722887372919421400e-01
5.960891673498652921e+01
5.857459996462276308e+01
8.347029765357478759e-01
1.981618776975237584e+00
9.259647264867116867e-01
8.828002984599917502e-01
3.557444954963166595e+00
1.070294678200118810e+00
8.336429593042700148e-01
1.160390861956924535e+00
7.533134303067977600e-01
7.675380508262237278e-01
1.097532877870686541e+00
9.362908861997060184e-01
1.469017018366272964e+00
7.773802325328488250e-01
1.205741793991059962e+00
8.354792668925906662e-01
1.098173732084922305e+00
7.960092443424264808e-01
2.355991458089473856e+00
1.031467601563910819e+00
7.636975716941830639e-01
1.100453611546343247e+00
9.157812293759119981e-01
3.192271913498134328e+00
2.842410463983615632e+00
2.695746799073295286e+00
7.636749084441160074e-01
1.277482414704975922e+00
7.416904331122755600e+00
7.891895595828369858e-01
9.991439220219202610e-01
1.228322554747995676e+00
2.246501390554928257e+00
9.271763198841530551e-01
8.277389947596530684e-01
8.192790952734798626e-01
8.177647302025117249e-01
8.263896769927783215e-01
8.911159276834709209e-01
1.332101407247455294e+00
2.047963066643795571e+00
7.066925735174742762e-01
1.431578382626359724e+00
1.227763718081698929e+00
6.959116471664041903e-01
9.592244595795543782e-01
1.042834495828744990e+00
9.085344931524023337e+00
6.134795867994873753e+00
1.365581861270630970e+00
7.273633859286008363e-01
1.347393421217612852e+00
1.218792436943191149e+01
9.127524529247611440e+01
2.290792244240430264e+00
1.394059397088484697e+00
9.291695588531599936e-01
1.180403951898636228e+00
4.058748581873706129e+00
2.679299651506511282e+00
2.579967754636677935e+00
1.045793558593228312e+00
6.325767834159236713e+00
8.173437435474714130e-01
1.033224773622848591e+00
1.011609381856692025e+00
1.114768923128618416e+00
8.524731003546436314e-01
1.641331869626827977e+00
9.445795994853558142e+00
2.488200953190110809e+00
1.418662999249292067e+00
1.066479470633405313e+00
1.264359343706775496e+00
1.608967564073182199e+00
1.829671119127950263e+01
1.159237049147229026e+00
4.346452625601451292e-01
2.323825877456779665e+02
2.765034611766994832e+00
3.659929294656710241e-01
9.827717947149194888e-01
8.968610534304438664e-01
1.696526195515517754e+00
2.159217644679988002e+00
3.341795436313564349e-01
3.273851219395201850e-01
3.264404515144597729e-01
3.195187991400417760e-01
4.003720214956883461e-01
1.560146296649010278e+00
2.896935247375239664e-01
3.665036031790379623e-01
2.852773563498325893e-01
2.200209105366217055e-01
3.087490393678987699e-01
1.886151013152840838e-01
1.812761114715028543e-01
2.857807834011317216e-01
1.286959023945074831e-01
1.925883817867249936e-01
1.868880757926540126e-01
1.341529296297600815e-01
1.494591658739001239e-01
1.711576395126298555e-01
3.636110352332722062e-01
1.265239590358839816e+00
1.039183582434238945e-01
2.387458305639318823e+00
9.257319948032813883e-01
8.844233592951766809e-02
9.931626388884792767e-02
9.034777477733099693e-02
9.751701705325685476e-02
4.027762046591053524e-01
2.724045107711063340e-01
1.371472032008697883e-01
1.594420503996876626e+00
1.535413986376213125e-01
1.479161744825475133e-01
1.211722187589911182e-01
1.707760587458426182e-01
1.124249640338493839e-01
1.206029500684187294e-01
8.756237271542913203e-02
7.470561673152927018e-02
7.074963504050980900e-02
6.825275222140084197e-02
5.310557160918319419e-02
4.982813345078808409e-02
1.115921208215192167e-01
4.244456811973871396e-02
5.860581277797188848e-02
4.759758629894954990e-02
1.772673379138676453e-01
7.460859705132596997e-02
6.890769393187086422e-02
7.126554644345022005e-02
6.790415647986904057e-02
8.475319966778202541e-02
5.998886331136688704e-02
4.067533658830868593e-02
5.746291500669804819e-02
3.803023202380069467e-02
6.613212145417035615e-02
5.096939594378773614e-02
6.238057118787276173e-02
6.223018728211010542e-02
6.298414690012635320e-02
5.848596001003341510e-02
4.742366371990665297e-02
1.822134143447804236e-02
2.311449125610933950e-02
1.417299347059718627e-02
9.976281519126285399e-03
9.644079175956356970e-03
6.620223007049204703e-03
4.306068006145184757e-03
2.021643425882436139e-03
1.836482697674847323e-03
1.819573201828036599e-03
4.143461837661083051e-03
4.733984017321757852e-03
6.414486025477590149e-03
1.383445181956588542e-03
1.900437450584016759e-03
2.596107782217056594e-03
2.383919262678640960e-03
1.308228999758859722e-03
1.052084581863698288e-03
7.603562072161431686e-03
1.189469033726736754e-03
1.532956778076882687e-03
1.577218509761475025e-03
8.329233101131166064e-03
9.854860862103301516e-04
1.149182894844212512e-03
9.685171886672975074e-04
8.266782527291507195e-04
8.050700000295180157e-04
8.000480034998834694e-04
7.899219505792249955e-04
7.057793334847568649e-04
6.885244493156525382e-04
6.824181221588802989e-04
6.649051529452780019e-04
5.817745501486680125e-04
5.391184572032265560e-04
5.007145245047029932e-04
5.117524539958743981e-04
7.928443468794124692e-04
4.579458916351392237e-04
4.409020166207867930e-04
4.647350249862345728e-04
2.746645441248681940e-04
3.088226742466130582e-03
8.295771339201372030e-04
8.449733478511360814e-04
6.773821243779210759e-04
1.575725120620194973e-04
1.424623933975565206e-04
7.462311807160421789e-05
1.099792448787132223e-05
8.400878185927517113e-05
1.308076906666374475e-06
1.453536164848969812e-05
7.022226246295000396e-06
3.761103617485793480e-06
1.878366839825390593e-06
1.711427719537646861e-06
1.719644857914902522e-06
8.079629039216399655e-06
8.839040942859741471e-07
4.753211740964293220e-07
6.029132610253408046e-07
4.550521444903024244e-08
3.048733147319409233e-08
2.707370598332617002e-08
3.676273913236028255e-08
2.124324101128602028e-08
1.230493566099978443e-07
1.414627199161503930e-08
1.138947389993686582e-09
1.185451234096333612e-09
3.610683009999077852e-09
3.011220043839258354e-09
3.676252718729957761e-09
2.413108647710713277e-09
2.334742450045945023e-09
5.257237079397030160e-09
7.871259909409980116e-09
1.475750651948159604e-08
5.718755736577833715e-09
5.784771651624713397e-10
4.785178524453711475e-10
1.243803862473796135e-09
5.120095108063861418e-09
1.278414776363730909e-09
1.660850183587702020e-09
1.635058252821594338e-09
1.266698335676812315e-09
5.344790320390965971e-10
3.141281487058887628e-10
8.386317017811319813e-10
