4.220583529576455106e+00
1.423090370211962963e+01
4.018230636479075635e+00
3.148773370649170733e+00
1.184000568501485340e+01
2.797697877812514555e+00
7.688706677657464184e+00
3.389014331371480448e+00
2.537305265743317939e+00
1.007115406917268245e+02
2.340753880380909813e+00
2.426602655169781464e+00
7.054245434289616590e+00
1.991207357590041305e+00
1.231643500551895620e+01
2.540756606599489764e+00
3.911611341447044143e+00
2.183285445069853115e+00
6.197881416812460742e+00
2.273197668090509271e+00
1.795468499228162651e+00
1.553343763875074224e+00
9.259923964833799204e+00
2.364678757554405930e+00
1.937033012150652711e+00
1.489343344236231159e+00
6.174635245546530982e+00
1.471785484592354365e+00
7.503033442148019105e+01
2.452603181886942263e+00
2.141426404125205796e+00
1.454754327849455020e+00
1.866826656136646223e+00
3.273516043505704243e+00
4.450814739491327998e+00
3.330880175575678503e+00
2.136785598170016343e+00
4.659624872271657559e+00
1.639968047348552282e+00
3.170318154691836643e+00
1.383831422197236982e+00
1.992128772739798936e+00
4.083285437530637552e+00
1.212167151753424932e+00
2.292083342068981011e+00
1.429672359237492474e+00
2.079046118782457597e+00
1.062767524630503502e+00
1.332627899819427197e+00
1.081808243408030279e+00
2.454822790696263191e+00
1.184193880030217416e+00
9.742443483209014543e-01
9.719482060460663542e-01
1.137436686832212551e+00
1.374505921004569808e+00
9.574658441915836482e-01
9.592295110687167892e-01
9.716358999041513345e-01
2.729023276290963196e+00
3.551968551687164677e+01
1.082960749369174192e+00
1.049810808122868311e+00
1.064615529145836126e+00
8.275668038228607415e-01
8.369593224496868489e-01
5.816409712802011356e+00
8.310562308037703350e-01
8.968822208795000250e+00
7.843521441824292673e-01
1.088374951729480067e+00
5.505984975346374100e+00
7.420594602670307349e-01
1.317758452416033732e+00
1.421221601061880779e+00
1.959401267141054115e+00
1.774114196337273297e+00
8.878034801645651175e-01
7.926723244074756813e+00
1.299723602321161131e+00
7.436372327742741817e-01
1.087629952348332596e+00
6.962193433779853002e-01
1.931696058531884086e+00
1.786504253239764584e+00
7.274951633438524468e-01
8.897375639058084928e-01
1.609973776594183947e+00
1.349001564300962741e+00
7.533243272221213926e-01
4.806117050987119832e+00
7.915912929859034719e-01
7.265157003827502624e-01
1.106910954351137288e+00
6.265169274408311395e+00
8.380984325142801783e-01
7.195349227821781213e-01
7.161938972868432396e-01
7.577450644948637848e-01
7.159964686865593064e-01
1.099813268420271717e+00
9.725448681869179879e-01
1.046589080229272994e+00
7.190900387564688190e-01
7.695988257505467223e-01
9.028077908099878535e-01
7.354467598212734991e-01
1.031135174557210599e+00
9.173214964241396263e-01
7.799189550691290052e-01
7.017515339769652138e-01
1.454464541819781243e+00
1.416698544931729087e+00
7.670461841309499373e-01
7.347884450122855737e-01
9.548045081370027276e+00
5.267256478316266310e+00
7.511968266555310025e-01
2.687513349371899896e+00
8.085912395270185016e-01
7.497438872374635466e-01
9.239707115966891982e-01
1.701767375398981930e+00
8.757880511152235092e-01
7.371325652333045042e+00
8.295743342255895714e-01
7.590596474521138504e-01
8.336319255241316784e-01
8.293809413518937745e-01
7.772158645979038161e-01
1.110964594987202236e+00
7.925723253150671610e-01
3.270549122588544133e+00
6.883805593145556623e-01
3.623247330087606688e+00
7.310001401066141824e-01
6.940638271871052423e-01
6.857679215960501562e-01
6.756454686918710317e-01
1.530820172135598956e+00
2.320638281498155653e+00
1.114235888674018682e+00
1.078204994281199980e+00
1.126443964489103333e+00
3.901867826029064457e+00
2.686613140177211534e+00
2.825587923978165161e+00
3.588251099735054517e+00
1.023620705591099522e+00
1.088124057577410930e+00
1.425709375666701417e+00
2.889894996356360490e+00
3.898699714767819735e+00
8.110242962806193390e-01
8.321296251299460378e-01
6.298383402531007036e-01
1.896546440866863970e+00
2.516922460198018463e+00
2.568646595330783988e+00
3.003568356311261400e+00
7.151276495685736201e+00
9.019193911590660528e-01
8.423418229212198405e-01
1.350792723185719080e+00
3.963838224080603601e-01
8.836185241060005024e-01
4.890738504357553529e-01
1.017375809899716543e+00
5.963561885001710250e-01
4.372277167271999554e-01
4.684042639117312667e+00
4.254144799625879658e-01
4.014646160446703194e-01
5.271180296696968970e-01
3.264856110730780081e+00
3.217142552269132150e-01
3.423561440604194761e-01
2.847308763185117386e-01
2.305433665772001761e-01
1.075330728621762266e-01
1.027610493354163823e-01
4.862164047453953586e+00
2.612046792347451074e-01
1.900174202317145566e-01
1.823721105743808246e-01
6.535894580523106401e-02
6.930623121279574916e-02
6.414145740780007043e-02
7.066015953755885870e-02
8.044556800135346797e-02
8.524111425868946545e-02
8.529238727884422278e-02
1.203697350589077314e-01
7.988908448205553348e-02
5.761643953424949727e-02
1.848508972707353648e-01
6.161066581135992565e-02
5.225142734210114909e-02
1.441421157031616274e-01
4.677443131196635379e-02
5.507263122143260525e-02
2.010350774519927697e+01
6.073498459999945170e-02
6.949831497308021910e-02
6.908404792535356720e-02
8.427413439635458858e-02
8.343076239852426079e-02
3.155072989394410166e-01
7.780530276482536256e-02
7.257218635282608465e-02
4.431382773575002348e-02
3.217026553722159704e-02
3.760903715895570071e-02
3.918361642017904184e-02
2.981134676022817800e-02
2.546327798714153115e-02
3.575820047655535461e-02
2.571448953514933813e-02
2.876795814894013426e-02
2.511121982938877353e-02
2.405033896331051912e-02
7.858998633591289529e-02
2.255016843921164513e-02
7.494669119452140871e-02
1.312711772872719729e-01
1.209828569457551961e-01
1.007430697411064863e-01
5.704644439510345721e-01
4.822964891515449382e-02
3.284656513612128209e-02
1.813223635159470423e-02
2.601778690012716139e-02
1.836898635838637647e-02
1.460797984873890565e-02
1.295141344404185033e-02
1.228688735109412233e-02
1.252096806617030919e-02
1.191388883422742594e-02
4.271554407656751040e-02
6.293285396726892855e-02
2.942117964142113018e-02
8.981144136759730209e-03
8.130829743427252926e-03
6.952795366691900264e-03
6.164612420895655004e-03
6.220778731144099849e-03
2.279127949857595939e-03
1.831770590107638678e-03
1.819678641406460851e-03
1.540225804582378687e-03
1.780444478621310287e-03
1.756143837945827249e-03
1.817775433930673718e-03
4.259263445999597608e-03
3.465520894878637917e-03
1.830024091229994886e-03
6.809102948970651662e-04
2.588597870718064436e-02
1.775883732950660210e-01
3.030882712074463130e-03
1.312659125498512498e-03
1.138292182717229734e-01
2.734038702060253082e-03
1.844855032228906889e-03
1.115310018531648871e-03
8.059067292588969816e-04
7.662010048544987389e-04
3.511085671254593737e-04
9.916387898837491013e-04
4.128682068420497730e-04
4.198455259215429312e-04
4.165542785056248901e-04
4.268116206138244679e-04
3.029458542679337729e-03
4.509480275212319361e-04
7.836747392026575726e-04
2.609324887230863753e-04
2.170444039246358222e-04
2.047297316657176614e-04
2.240185350346648833e-04
2.479273240573662274e-04
2.301131937317164573e-04
4.703730979229180423e-04
1.297392188806363849e-03
1.114066173928047240e-03
2.847388037581278543e-04
1.597901785547516454e-04
1.581748951859258414e-04
1.876911030412457045e-04
7.545693676322733567e-05
1.690585565670942850e-04
6.506315168173615153e-05
3.531667988599721100e-05
1.755600858586146579e-03
4.648237546790330295e-05
5.882323866566094690e-05
5.033953606856710013e-05
1.013574304455647192e-05
3.451500566366583205e-06
