4.220583529576455106e+00
1.423090370211962963e+01
4.018230636479075635e+00
3.148773370649170733e+00
1.184000568501485340e+01
2.797697877812514555e+00
7.688706677657464184e+00
3.389014331371480448e+00
2.537305265743317939e+00
1.007115406917268103e+02
2.340753880380909813e+00
2.426602655169781464e+00
7.054245434289616590e+00
1.991207357590041305e+00
1.231643500551895620e+01
2.540756606599489320e+00
3.911611341447044143e+00
2.183285445069853115e+00
6.197881416812461630e+00
2.273197668090509271e+00
1.795468499228162873e+00
1.553343763875074224e+00
9.259923964833799204e+00
2.364678757554405486e+00
1.937033012150652711e+00
1.489343344236231159e+00
6.174635245546530982e+00
1.471785484592354365e+00
7.503033395733257294e+01
2.452603171935419990e+00
2.141426380625857995e+00
1.454754339613087977e+00
1.866823606200750607e+00
3.273286633216483388e+00
4.449317025591152941e+00
3.329621279360792219e+00
2.237873529644568205e+00
1.270594472014932697e+00
1.632745455680126634e+00
2.959191613603443738e+00
1.400271904930888489e+00
1.997303088406396476e+00
1.140778386174397641e+00
3.140128726780966328e+00
1.216360579072147230e+00
2.568007398463288737e+00
1.140035199294838542e+00
1.169753680488397896e+00
1.221790274920458552e+00
1.765172443437402094e+00
1.400789148950924767e+00
1.373382115632854950e+00
1.031371742038324602e+00
1.029082877917688377e+00
1.028549998953040889e+00
1.076412431130118863e+00
1.010434816417390858e+00
6.405641171551013535e+00
1.039834604708470778e+00
1.003678204867383572e+00
9.660452233633340935e-01
2.116657584608343079e+00
1.953174234608064808e+01
1.500675252061398623e+00
1.387460341144540310e+00
1.235219951224656887e+00
8.835934639773976862e-01
8.770724469788807598e-01
8.787843727338542354e-01
4.456641673692910786e+02
8.705174322953096455e-01
8.894055446307720381e-01
1.067826964421864755e+00
1.083521862863853213e+00
1.360425991458420025e+00
1.367233859796847417e+00
1.359819376050944273e+00
3.625738481595655927e+00
4.030813322275536237e+00
1.001724669031020865e+00
1.296434818134015954e+00
1.046021880343246613e+00
1.045977032472567014e+00
1.966219548328247058e+01
9.336194595390965301e-01
7.772175622889804236e-01
2.401414723911053706e+00
8.153228998385527726e-01
9.489091448826653119e-01
9.741664085757886227e-01
9.752404631292511894e+00
8.928440339289976935e-01
1.044866162076628191e+00
9.358343487549142248e-01
1.915299584874495809e+00
1.025990072322248370e+00
1.587918074480580310e+00
1.384257418779383242e+00
1.097868599090880082e+00
1.080574130209443373e+00
8.899221885285256706e-01
9.641290341949833032e-01
5.597454772993793348e+00
7.836251466048235192e-01
7.723220130962172858e-01
1.051246637795804517e+00
7.917837203454710648e-01
8.681135511058979404e-01
7.885802178840017884e-01
2.538281576390308825e+00
2.459428103384973863e+00
7.541601823873296251e-01
1.670882787565746153e+00
9.794519546334303772e-01
9.803968302338880170e-01
1.704212601700865193e+01
8.225083287629910700e-01
7.864068990422794503e-01
7.423911767951408835e-01
8.996739202614484343e-01
1.798877524829537888e+00
1.118679364529001674e+02
3.338521871674207553e+00
7.392727419803146738e-01
9.568057180994588018e-01
3.383832856761887165e+00
3.632033615912548807e+00
3.786624676825808944e+00
3.763185798072620880e+00
3.803984248520998257e+00
1.051690083106510576e+00
8.276646679965035114e-01
1.672783711083438707e+00
9.410839805482129616e-01
8.196557967495252672e-01
1.019037149838041501e+00
1.690351389510036162e+00
3.239536569545211186e+00
9.157757305167087969e-01
7.884045003340102165e-01
1.232379505917051787e+01
7.976317416764630019e-01
5.317299894704303753e+00
1.095567915326270203e+01
4.479400317043572777e+00
8.799948652262344906e-01
7.950798963641232397e-01
8.451029804445854277e-01
7.041653104024041543e-01
5.101670796168326305e+00
7.983204495156939196e-01
1.788999413782832448e+00
1.483308352955480691e+00
9.214413688823196447e-01
2.057388800724952205e+01
5.073128333070426876e+00
1.825160086271848892e+00
1.349544230094334551e+00
7.874406334248557071e-01
8.017987147779683799e-01
1.363447572085125126e+00
6.748751469163806194e-01
1.823767367913354587e+00
3.727152532933383444e+00
2.180021741177757377e+00
1.044358388429032836e+01
1.211901010229261999e+00
8.065118475452502933e-01
2.623780888904710729e+00
8.364906009370461915e-01
8.287665588483266177e-01
3.003972588507127561e+00
1.733436970315026970e+00
1.378021976952583660e+00
1.271977936524532504e+00
3.589052294108312680e+01
1.886834550445072978e+00
6.575220596674079543e-01
2.074600793364918871e+00
7.140966844150584691e-01
6.108651300556480201e-01
3.511991536664810787e-01
3.767363967770528954e-01
4.132990675252385948e-01
5.235842245539890083e-01
6.815494715234559076e-01
6.728410272817115789e-01
7.428740814347257748e-01
2.400181502893186103e+00
3.772720059298048656e-01
3.911789566528537376e-01
3.636096362792869963e-01
2.774158681197083087e-01
2.793610220005063871e-01
2.879081487246519799e-01
2.876249675588977150e-01
1.683715100024923084e+00
3.325566216027237010e-01
1.627913941585974467e-01
2.142740775190064006e-01
1.824802826428555402e-01
1.737982802893789092e-01
1.803325376485349629e-01
2.080934144391879403e-01
2.196089464766667332e-01
1.701835073878369131e-01
2.568450027772873900e-01
6.100651948947872771e-01
1.308008544574549292e-01
1.195225478369652261e-01
2.446348031350871477e-01
8.211404283636807022e-02
1.152892831307087834e-01
1.668825909870863267e-01
9.894468560402244761e-02
1.182944530511578662e+00
1.195781948192932431e-01
9.784068382464457259e-02
1.024946053146921221e-01
6.893016881775654303e-01
6.226067187592374541e-01
2.325533984363512829e-01
7.487976871705560866e-02
6.706205279025283239e-02
6.254191943485765126e-02
4.800261328966825003e-01
5.442786618163669016e-02
6.422981875756918202e-02
5.203776595689853235e-02
5.599640709229378177e-02
1.593551131159748335e+00
6.394377594621628025e-02
4.917965405798543910e-02
4.073838064482437904e-02
4.020564571342390148e-02
6.491741334490751247e-02
1.440363773962441418e-01
2.077803098038598917e-01
2.642590496399734312e-01
1.416949738356397259e-01
1.180975109589069427e-01
8.103231010994829675e-02
5.224334325336512513e-02
3.609077315485380993e-02
3.192275957636016986e-02
3.263245778842720213e-02
2.697764034942446917e-02
3.725305526498536718e-02
3.734754614873830175e-02
2.293536292618697167e-02
8.789649004314135927e-03
4.538564904154437224e-03
5.181069447811169175e-03
2.295656510276119708e-02
2.721716455528591649e-02
7.186553208060126458e-03
1.202411454884976319e-02
1.001035668889347502e-02
5.005341025675132983e-03
2.836457332347206307e-03
8.758621735185767587e-03
5.758843640157114419e-03
1.464798091029140183e-03
2.421790919753173850e-03
2.405104200204317890e-03
2.352875248174678222e-03
2.170873654637448663e-03
2.944282776456419448e-03
3.599124052340346453e-03
2.118252220351726171e-03
2.162090000717314855e-03
7.344860058450513457e-04
8.799264831936878112e-04
7.692468754621488609e-04
1.315679252498407536e-03
2.046068416617616119e-03
3.102363371773865942e-03
1.944349468944164480e-03
6.866835145256000757e-04
8.291804927392909920e-04
6.181524604929812712e-04
4.589597128715485700e-04
4.671564800873201427e-04
5.116539474263882533e-04
5.655675344838617929e-04
3.332672800573497534e-04
3.381960735667121016e-04
2.959891347494299587e-04
9.977355122188203112e-05
2.137692242135275653e-04
1.223934036400423076e-04
2.861748903168271404e-04
1.647711244793141703e-04
6.951375203587185935e-05
5.661583292642267739e-05
5.042784788040065872e-05
4.245656779896536480e-05
3.113774373070965105e-05
4.412959739385767283e-05
2.233868350483003085e-05
1.576486561747554265e-05
1.049198531462973212e-05
3.949960474081010085e-06
