4.220583529576455994e+00
1.423090370211963851e+01
4.018230636479076523e+00
3.148773370649180059e+00
1.184000568501422990e+01
2.797697877812838296e+00
7.688706677581643945e+00
3.389014331648291911e+00
2.537305264238738367e+00
1.007114758970198380e+02
2.340754048138689036e+00
2.426599110666748604e+00
7.055825111369000702e+00
1.991163229852949135e+00
1.180573538731726302e+01
2.740865324051683594e+00
2.149238532594948126e+00
2.231129898735182859e+00
7.095970797661357743e+00
2.076091355069251243e+00
2.737580216424303270e+00
2.064353888574693485e+00
3.680664127168242761e+00
2.399165195965371922e+01
5.785986465244264743e+00
3.246616129487882141e+00
1.912759705109353447e+00
1.940769221236285480e+00
1.330387561658991835e+01
4.588422987425652799e+00
1.807626799895757141e+00
9.676477126053375954e+00
1.803215218205181047e+00
1.798349857091275483e+00
1.965699634855395894e+00
1.916151521899885024e+00
1.835774163297765549e+00
1.764340423133970548e+00
1.744110878812467291e+00
1.665220072622857650e+00
2.506199446283125631e+00
7.226690213117755057e+00
6.898444547568940877e+00
2.550334265607340445e+00
1.595420223025626694e+00
1.676447690604818686e+00
1.746308629268733759e+00
1.661138286944261244e+00
1.583457518141668707e+01
1.449861599729071804e+00
1.019365373172931077e+00
1.023500028220561298e+00
4.920257651990068481e+00
2.791950629839777598e+00
2.610265513151268646e+00
2.546451001432475714e+00
1.486972109367391770e+00
1.009768682834393472e+00
1.339941216008150304e+00
1.316177398313113533e+00
1.892414351861540833e+00
1.491848634448965649e+00
9.903142799927119322e-01
4.936102321165313889e+00
1.010711925137941947e+00
9.598886492821337990e-01
9.792404859095957814e-01
9.973711067984137868e-01
1.216267084294506873e+01
9.497993915955279531e-01
2.488399734448327294e+00
1.044352931971162857e+00
1.018688406160275672e+00
1.391260425872314466e+00
9.754732978994400394e-01
5.054109384673221683e+00
2.561675129791574523e+00
9.375343216735938512e-01
9.493959058709757759e-01
1.349606775910982437e+00
1.146169592593988540e+00
1.338699136603536122e+00
2.198827975802811530e+00
8.986556973134833814e-01
4.682026911950016412e+00
9.164302193251567807e-01
3.398255576246016485e+00
8.625581844150439492e-01
1.600553113703124142e+00
1.035889858722334633e+00
1.184822931808023894e+00
8.175690921158356161e-01
1.313804529708247903e+00
1.316384661325980865e+00
2.137365305851759878e+00
8.404245456989954954e-01
6.120999245303394076e+01
5.972590762323166302e+01
8.351022750434420328e-01
2.230082667243779238e+00
9.827217673941089915e-01
1.121893951949621160e+00
3.558672655135088903e+00
1.075981005841940563e+00
8.462940677135493139e-01
1.161640829593817648e+00
7.675601583194411326e-01
7.721396465560007583e-01
1.099612384746824878e+00
9.490665825773082487e-01
1.474179401492961006e+00
7.839573166189163222e-01
1.236370100975328290e+00
9.068275168345821813e-01
1.106148664718415775e+00
8.070536508921953844e-01
2.374631523481776085e+00
1.045410899108613734e+00
7.636992964931226258e-01
1.110621449623290458e+00
9.314175378370311842e-01
3.436856175776466404e+00
2.861880756771666423e+00
2.703902900005195065e+00
7.898894328689552990e-01
1.316066618615700179e+00
7.676505809034050110e+00
7.895326505502594516e-01
1.049068201431664793e+00
1.232949835900866598e+00
2.246730045939854925e+00
1.138968170252105061e+00
8.514790205742511775e-01
8.254488927048940772e-01
8.179013241953803082e-01
8.323875774456714893e-01
9.004434854175840108e-01
1.341436775423058947e+00
2.067397660554860739e+00
7.547876043503026766e-01
1.435987709170178039e+00
1.232197449077582219e+00
7.041571968976038098e-01
9.597654494476228759e-01
1.045985172242168471e+00
9.687505852406367524e+00
6.578980483067615737e+00
1.376850713220889144e+00
7.526375596875052310e-01
1.348425074492935805e+00
1.230054205098351261e+01
9.369400452292595105e+01
2.525490753820645917e+00
1.401666572564509661e+00
9.332889229884978599e-01
1.211275970750438580e+00
4.074027552671393160e+00
2.751948019998332828e+00
2.582186896541084575e+00
1.217353372317299121e+00
6.380440030993183242e+00
8.579749404264861434e-01
1.067517159929836756e+00
1.012769073322130398e+00
1.116548674792317231e+00
8.769793274180591736e-01
1.677293615184221487e+00
9.524758323394131310e+00
2.488201269914554370e+00
1.443886874339282755e+00
1.151327625888750594e+00
1.269310804381481139e+00
1.609356243281039101e+00
1.906140220160470733e+01
1.163299950807342498e+00
5.531261090920733814e-01
4.260794686399863735e+02
2.773979567370949972e+00
3.670018991362354321e-01
1.018082250753963081e+00
9.001729918462112456e-01
1.696536995271002102e+00
2.162945166734548064e+00
3.442722289965615690e-01
5.451385073311385554e-01
3.363043374514662620e-01
3.217860371995776569e-01
4.012430970420502452e-01
1.571518467891552584e+00
3.021534712409217893e-01
3.851469821773362279e-01
5.415327853880053111e-01
2.423899231210902006e-01
3.123974843600106355e-01
2.028031877569185792e-01
1.834269294815393803e-01
2.901156407555252614e-01
2.750492947714363590e-01
2.214327565926006713e-01
1.938191531685263536e-01
1.390685996695033566e-01
1.550187753941079383e-01
1.781716729863631887e-01
3.646952863698442737e-01
1.265590424791440904e+00
1.118576600578573277e-01
2.490222952662551670e+00
9.383082422642095022e-01
9.062257438051449232e-02
9.992172977111557497e-02
9.188659799407335182e-02
1.187013769569542770e-01
4.335957295223494823e-01
2.737011805105550866e-01
1.376384547494758359e-01
1.595264422425543227e+00
1.597927352316496352e-01
1.519271982914192909e-01
1.227917106041802875e-01
1.846164774521559526e-01
1.182590199820313798e-01
1.209977561179983729e-01
9.093561374438492717e-02
1.130854469195250039e-01
7.224843111917625404e-02
8.474975962960895615e-02
6.346968737164138119e-02
5.265313670999304668e-02
1.128224256187399938e-01
4.327698773416994993e-02
6.091076211445329430e-02
5.607311718714805965e-02
1.778612028938409972e-01
8.849141384050167314e-02
6.922659468173339437e-02
7.142195329922841618e-02
6.880140794624960143e-02
1.872034909143602821e-01
6.047478554740818441e-02
4.498800045633289529e-02
6.220715452506758725e-02
4.385542579263027735e-02
6.812708100480552309e-02
5.302401548073046311e-02
7.011722885828912399e-02
6.350901339639103416e-02
6.806630797388149579e-02
7.263849681974858530e-02
5.819776685049476983e-02
2.325627694760936878e-02
2.972672029671244096e-02
3.606753133144500328e-02
1.290322830420826371e-02
1.019340970922545664e-02
7.280647580827263356e-03
4.393382485671061023e-03
2.033164458075719348e-03
1.920914304364639306e-03
1.819607738947893972e-03
1.211474472416649781e-02
4.927881221160681190e-03
6.701546695077709864e-03
1.394988723991507805e-03
1.900466709505578165e-03
2.617444468257323128e-03
2.461462066707246262e-03
1.385729270839499740e-03
1.067110815191701055e-03
7.879737036293844171e-03
1.235914190264805930e-03
1.601704061624613417e-03
1.602630904992739238e-03
1.076282043966122169e-02
2.213193496013739214e-03
1.162400015813521998e-03
1.005261937605587920e-03
8.524925810751511537e-04
8.051111189277832675e-04
8.081686373369461902e-04
8.013085767466402798e-04
7.069949650182942927e-04
6.928361964453605805e-04
6.883860320434731592e-04
6.649468062887121467e-04
5.936015862865637012e-04
5.958330974692975382e-04
5.149451254552063874e-04
6.102492337485500209e-04
9.283311196052722054e-04
4.705366300039786958e-04
4.595589629254769244e-04
4.877496528878921822e-04
6.211550970475294888e-04
3.254457935464787326e-03
8.853049805444309760e-04
8.582247426105830404e-04
7.038323472138062562e-04
1.590626203265463042e-04
1.453229625619475497e-04
7.487413004492551351e-05
1.100070540495035158e-05
8.419703475292077675e-05
8.551260636823402965e-06
1.983667597385052795e-05
7.195701984203203188e-06
5.050185759279953768e-06
6.155422736263476232e-06
1.737466801138796350e-06
1.719715934634208737e-06
1.098652684413227112e-05
8.853671967837233084e-07
4.765016245741094291e-07
6.056021677052813440e-07
4.563008339095594707e-08
3.158933025755194001e-08
2.746786529975583607e-08
3.823856234873159242e-08
3.009257376304183162e-08
1.247037772716988289e-07
1.423047572339126662e-08
2.352677303212887118e-09
1.233170566912823658e-09
3.814442601461511421e-09
3.011220189860428252e-09
3.677429448518464947e-09
2.431082249380450136e-09
2.342523282640100392e-09
5.260949532510640283e-09
7.918703672915844720e-09
1.485623321290113636e-08
5.849659279245750599e-09
6.019009519309022340e-10
4.958636585489017120e-10
1.334229194198787570e-09
8.812982882449257711e-09
1.278414777006829714e-09
1.664419072146118156e-09
1.637705777299266614e-09
1.266754969271372381e-09
5.370104458789424803e-10
3.155461319039979626e-10
8.413043151196070808e-10
4.934845092051633812e-11
