3.827301978976675567e+00
1.156065038919569687e+01
3.239525712197070639e+00
3.054633022146028942e+00
1.145439456278776369e+01
2.637663743784080861e+00
7.110708670615045079e+00
3.186629721893351697e+00
2.415161546186445740e+00
9.441142580301988119e+01
2.203639471321836574e+00
2.398672816164240551e+00
7.037174492851741903e+00
1.986761867610378651e+00
1.226435059910676095e+01
2.491599060053047765e+00
3.214394093372273442e+00
1.738099351668685566e+00
5.688487063581399106e+00
2.153122994485737074e+00
1.722612087061490493e+00
1.534060148376638288e+00
8.989820185172124667e+00
2.347326274832361559e+00
1.935409575344491540e+00
1.468467913193370222e+00
6.140232369007683211e+00
1.470770281041716698e+00
7.444032477133229975e+01
2.279908480127063708e+00
2.066483975405460249e+00
1.428926906641778904e+00
1.838497317525044528e+00
3.262503093600045201e+00
4.348573170144089062e+00
3.321974348249466580e+00
2.057759289584071727e+00
4.659028244348460746e+00
1.575650135155424403e+00
2.965447222626889534e+00
1.372131732790071945e+00
1.967102349591322241e+00
3.904047094221203995e+00
1.194545498133119610e+00
2.280249677082071713e+00
1.414838354082163852e+00
2.074666633364015578e+00
1.062405035424675237e+00
1.310050887749705462e+00
1.063406719200306494e+00
2.370776258226833910e+00
1.172453325863187512e+00
9.728102235992129865e-01
9.716370765589964487e-01
1.137379088557612938e+00
1.374025793998398637e+00
9.560432361537528623e-01
9.552576009826277970e-01
9.396045432391547658e-01
1.877686557241918131e+00
3.492302417278494175e+01
1.064986548049191573e+00
1.041017123043631143e+00
8.851580284003771615e-01
8.233217809648054608e-01
8.363785868862779749e-01
5.729466401812395304e+00
7.887867462069688695e-01
8.486261214396217056e+00
7.839405941123607224e-01
1.087078889063855858e+00
5.505586464021225979e+00
7.377938259092680084e-01
1.306904040469594852e+00
1.419823112036490809e+00
1.951595569355530913e+00
1.769827730884043770e+00
8.812502350751612035e-01
7.428897787286908638e+00
1.280129905584534988e+00
7.044949796199179159e-01
1.086153107449779220e+00
6.958638750316286092e-01
1.802715045394991611e+00
1.774595032073834622e+00
7.034658828622427640e-01
8.895964695336833206e-01
1.608387775548559606e+00
1.297671894895520595e+00
7.483118490367461906e-01
4.749684002483392398e+00
7.773830649549796634e-01
7.157544135976441346e-01
1.106386783600547874e+00
6.262204816930434070e+00
8.289647663895475249e-01
7.171714025297637463e-01
7.156306161713822389e-01
7.575258515210430144e-01
7.154417486455780795e-01
1.045830766089261177e+00
9.563272849377639773e-01
9.199792402302838790e-01
7.150396998114163516e-01
7.692404572497137938e-01
8.992926209553517847e-01
7.289272463568231553e-01
9.174387599994937581e-01
9.106036932193353195e-01
7.363142374935178758e-01
7.017504633419267002e-01
1.440724958311519366e+00
1.404770091123650033e+00
7.506085796219044148e-01
7.259395254750885540e-01
9.503638204499861075e+00
5.260952151491884443e+00
7.511203867634250742e-01
2.640825159687032020e+00
7.743150727102667830e-01
7.375584005283807310e-01
8.439875218057981687e-01
1.684650089349076119e+00
8.721181633285232104e-01
7.370759044709945584e+00
7.567756772653396746e-01
7.572231333957264443e-01
8.294153005696222047e-01
8.257055899890776152e-01
7.763392163273226121e-01
1.097002880064786190e+00
7.905576029951930650e-01
3.263804106588888310e+00
6.729451251699321013e-01
3.509248151742059729e+00
7.307499128172921798e-01
6.858946865844134377e-01
6.851085475952107817e-01
6.739266660015319488e-01
1.523389310383497008e+00
1.805086033937758128e+00
9.744422717970951942e-01
1.077486908454190262e+00
1.107580271742578004e+00
3.901213415942405227e+00
2.576091011839719780e+00
2.689114014931206054e+00
3.586715592913038986e+00
1.022809462725411844e+00
1.086655239706433296e+00
1.419792931063482255e+00
2.876651510325201500e+00
3.773981129398445766e+00
6.654457282249250927e-01
7.439948101001510050e-01
6.176494033858759281e-01
1.817305584009187847e+00
2.405266055335361308e+00
2.511196121977972151e+00
2.947016811196350172e+00
7.116904484965107081e+00
8.152442707243019449e-01
8.353090560365900030e-01
1.350732510764242056e+00
3.457887867711323393e-01
4.896486536646451060e-01
4.889349182112275316e-01
1.014643319058617488e+00
5.946148844669473243e-01
4.372228563939553059e-01
4.597421818372258606e+00
4.108787685644845200e-01
3.922105588594563264e-01
5.269005371822997885e-01
3.239186294713337855e+00
3.211969227448441822e-01
3.423543389492340050e-01
1.636535672681972697e-01
1.315650091593342785e-01
1.013005789190926098e-01
1.005126920466593438e-01
4.850092453523561886e+00
2.611585626296794027e-01
1.898852432791314493e-01
1.817974807750071253e-01
6.383865468498613194e-02
6.874907805271229799e-02
6.209883210882255478e-02
7.065680987660517831e-02
8.039920844938706901e-02
8.494369807792738480e-02
8.520127440142631625e-02
1.188513263810996173e-01
7.845331894057692990e-02
5.723212394841072082e-02
1.843949152059801977e-01
6.079649402840428540e-02
4.960368732256995039e-02
1.270197675850676944e-01
4.219617333378333779e-02
5.311695073370335113e-02
2.003300397091426532e+01
6.002121649115818580e-02
6.906588793978238328e-02
6.885695571370160917e-02
8.343548873191201920e-02
8.299873489890320644e-02
3.111337188048050040e-01
7.251987481963252657e-02
6.957860193795173398e-02
4.271934934393930433e-02
3.088298358908070709e-02
3.553577426603241746e-02
3.693339083275375134e-02
2.601337088567526323e-02
2.546232208001971559e-02
2.572824586698835639e-02
2.540793902375725749e-02
2.693186506018469678e-02
2.446113747624215073e-02
2.403297297588401910e-02
7.746245532938249301e-02
2.236406523274081862e-02
5.928998787811681076e-02
1.221814509022359357e-01
1.209655072798314357e-01
1.001967670751720968e-01
5.700638459714357786e-01
4.822562745278475421e-02
2.384807470627597556e-02
1.813125026118039829e-02
2.167360066766903931e-02
1.433064708408290575e-02
1.355328392083189441e-02
1.232397167920877383e-02
1.196339304356880406e-02
1.214410145319074971e-02
1.128007992317049332e-02
3.864237514385582967e-02
6.176058004603948021e-02
2.730835662949356729e-02
8.926590028272502267e-03
7.068402551711753211e-03
6.827022776465085235e-03
5.978535610709727680e-03
6.219970869213532760e-03
2.215947277596600450e-03
1.817114957844978129e-03
1.793920136890409661e-03
1.388782420714081709e-03
1.234337802888262232e-03
1.717898390580181083e-03
1.804239375658284010e-03
4.042341648377655028e-03
3.410691269559517052e-03
1.803954811848798665e-03
6.802975290329749342e-04
2.443366492707026855e-02
1.774249134021910201e-01
3.015075566683086614e-03
1.085530160354088863e-03
8.373780916905211591e-02
2.712194075752870793e-03
1.819761930766331448e-03
1.091684854112773230e-03
8.020394093962349537e-04
7.591516609228086791e-04
3.486018502990289735e-04
9.582759940313180557e-04
4.126598357922538814e-04
4.167620614906701864e-04
4.141434153553379149e-04
4.214767183165328297e-04
2.204157282745177956e-03
3.009453297430323034e-04
3.505282523599603643e-04
2.542500924517463725e-04
2.168238730228726294e-04
1.963503506866987850e-04
2.037967501766761345e-04
2.112958373307301046e-04
2.093221569627280113e-04
4.593373555937236663e-04
1.158418864836683422e-03
1.113243048168625860e-03
2.764875257650270665e-04
1.584355828219081498e-04
1.579110977380377692e-04
1.863512370499005881e-04
7.503835390681484654e-05
1.681655233904227312e-04
6.333687841557552602e-05
3.444036999485117917e-05
1.739717388856638946e-03
4.214300961917121565e-05
5.696513672176720941e-05
5.033224631600165819e-05
1.013240427278107450e-05
3.159456735956168336e-06
4.447238093175381211e-07
2.527725900228186752e-06
7.539743913431728189e-07
3.820357790498505222e-07
3.509902395104327310e-06
4.333660999489215935e-06
4.415492136113666468e-08
2.749401869925203705e-07
3.406281588898964824e-08
3.283715730811992618e-08
2.493182748308781008e-08
4.063822332720198305e-08
1.735282256727712173e-08
1.860555791854940050e-08
4.170003173870939050e-09
1.130717105750494422e-08
8.425839111907847722e-09
5.734534639319372049e-10
3.212314116259720255e-09
2.841433261751402978e-09
1.453451399129017137e-10
1.448045978978294021e-10
1.003180455905490141e-10
1.062193475973234705e-10
1.314538651395196208e-10
7.533511993043486931e-09
