3.827301978976675123e+00
1.156065038919569687e+01
3.239525712197070639e+00
3.054633022146028942e+00
1.145439456278776369e+01
2.637663743784080861e+00
7.110708670615045079e+00
3.186629721893351253e+00
2.415161546186445740e+00
9.441142580301988119e+01
2.203639471321836574e+00
2.398672816164240551e+00
7.037174492851741903e+00
1.986761867610378651e+00
1.226435059910676095e+01
2.491599060053047765e+00
3.214394093372273442e+00
1.738099351668685566e+00
5.688487063581399106e+00
2.153122994485737074e+00
1.722612087061490493e+00
1.534060148376638288e+00
8.989820185172126443e+00
2.347326274832361559e+00
1.935409575344491540e+00
1.468467913193370222e+00
6.140232369007682323e+00
1.470770281041716698e+00
7.444032431076406908e+01
2.279908470204651039e+00
2.066483954461703743e+00
1.428926915691925092e+00
1.838494582745634931e+00
3.262270692606955347e+00
4.347179160605845638e+00
3.320679792727899926e+00
2.160486125156912962e+00
1.236339604963047289e+00
1.608965406339517790e+00
2.909448262602680302e+00
1.384771930056853950e+00
1.970254749378261838e+00
1.132356269272664084e+00
3.120397125041982189e+00
1.215019796497822435e+00
2.567390428889267273e+00
1.139977808713866114e+00
1.156720093380609216e+00
1.219911088260812626e+00
1.756358232701386246e+00
1.382822375344672894e+00
1.361081416095417218e+00
1.031122991730239802e+00
1.029080175307191647e+00
1.025501213621194729e+00
1.062147991433670668e+00
1.010303831002759889e+00
6.035851332631978927e+00
9.984943478408371265e-01
9.755249531197722757e-01
9.591846049169762134e-01
1.904322485457964786e+00
1.898273435337384285e+01
1.457013436023205433e+00
1.360460435852288930e+00
1.182490785539132228e+00
8.833920106093108293e-01
8.769292818165373982e-01
8.787829030753020465e-01
4.456153361193235014e+02
8.686113483868888041e-01
8.881986512414972168e-01
1.067399347581011515e+00
1.083446644534648451e+00
1.358113957453388476e+00
1.367190317501101982e+00
1.356927922186299984e+00
3.598959772432769100e+00
4.015115734736924402e+00
9.873527267877773017e-01
1.292029278873669806e+00
1.045824736254817422e+00
1.045763932741863522e+00
1.886968927103247040e+01
8.151297571997730973e-01
7.653698141957954171e-01
2.173254339653402756e+00
8.083224612425164990e-01
9.397296025737115199e-01
9.507685021962579697e-01
9.737241912279062106e+00
8.908116952737814565e-01
1.043685882910542873e+00
9.056575878638828403e-01
1.720741347939905630e+00
1.018748897283403565e+00
1.542883169129485976e+00
1.367652873569096705e+00
1.070906288850533850e+00
1.066552844443903414e+00
8.666833900854999939e-01
9.629949008093300344e-01
5.402624495606537458e+00
7.793501458533261816e-01
7.722537029703074873e-01
1.039815531616340882e+00
7.851062493286740107e-01
8.510997348353913639e-01
7.786767760798091187e-01
2.467557135471075025e+00
2.433180475409460364e+00
7.469237055604638353e-01
1.648357613963241874e+00
9.772251810891979806e-01
9.771832220922803680e-01
1.694835193500230019e+01
7.896907945852451594e-01
7.699674443390275291e-01
7.382294864414400415e-01
8.682989547166138911e-01
1.771638282226573047e+00
1.088941355294164453e+02
3.337914050402064348e+00
7.392593085816135945e-01
9.526521669853778018e-01
3.379251924054833101e+00
3.626326064073748245e+00
3.786624073416029912e+00
3.762975062924120984e+00
3.803926492519121183e+00
1.031010191916234442e+00
7.661242630892644012e-01
9.101714873353025093e-01
9.104795592924534997e-01
8.131780333591389631e-01
9.983916473071471342e-01
1.690342481686716303e+00
3.226990571697299970e+00
8.979193360014887659e-01
7.811811236107399914e-01
1.215494071901940920e+01
7.874137674910330897e-01
5.296053784151452781e+00
1.092369582776296788e+01
4.450023541455884413e+00
8.585022461061301291e-01
7.762679748478563679e-01
8.426302232195539421e-01
7.037116633852235070e-01
4.777831591889823315e+00
7.443576707395497261e-01
1.481686305165895945e+00
1.471127627240066627e+00
8.389073466179022276e-01
2.053479866047851132e+01
5.069906344723085212e+00
1.798594105916393238e+00
1.331740168609811370e+00
7.631195513801857233e-01
6.570317368333699060e-01
1.352947368132007666e+00
6.609100189201428943e-01
1.819597049030277525e+00
3.638867256434323405e+00
7.162519385589625198e-01
1.041952124308232008e+01
1.211783760450097613e+00
7.486970638012737655e-01
2.599673271945946773e+00
8.312030346643255463e-01
8.183945723888141899e-01
2.993360346672421013e+00
1.677922399308573009e+00
1.359355506130283997e+00
1.254815663307058404e+00
3.515377470565834983e+01
1.841577975819987056e+00
6.556582886859746440e-01
2.041045106450944502e+00
6.778412181117569046e-01
6.081040122099586887e-01
3.471599334916039004e-01
3.632334312644771024e-01
4.108189081559006639e-01
5.223057318187716014e-01
6.814108203740080194e-01
6.720545658319353466e-01
7.425215626723294937e-01
2.237482586743251289e+00
3.690600505886589278e-01
3.620992399899238823e-01
3.553904270124900178e-01
2.458678244398157242e-01
2.781506961346605911e-01
2.793767943862520697e-01
2.869871737765326558e-01
1.160109237974849439e+00
3.323047064225035929e-01
1.545681882761245907e-01
2.095146770810377701e-01
1.713095184112991554e-01
1.697002583542020215e-01
1.625731605711594752e-01
2.049519275129678686e-01
2.162020651935993298e-01
1.683942884660266370e-01
2.509509117451537152e-01
5.868648206367170772e-01
1.266890464966554108e-01
1.164776897265602656e-01
2.408628949541906372e-01
8.040852334184338257e-02
1.070390511482546131e-01
1.227163862668017302e-01
9.674333325736265976e-02
1.175780340033628635e+00
1.195615713049912460e-01
8.895813339620457783e-02
1.019963659379115456e-01
6.387445316548112650e-01
6.105679539478677809e-01
2.321172014282463225e-01
6.896869433664259974e-02
6.240488421949684505e-02
6.208932843478683766e-02
7.735711787893928548e-02
5.306669439150349388e-02
5.399973004792617964e-02
5.131242338105530126e-02
5.288776495804779071e-02
1.454064442122202649e+00
4.776325674018026129e-02
4.203269997202498803e-02
4.020525484766315077e-02
3.987547035602972967e-02
6.405257446882046957e-02
1.405785308244998644e-01
2.073050270048565902e-01
2.638328894771492239e-01
1.372641652479575369e-01
1.103837574090121842e-01
7.139377856498725639e-02
4.586145713390871875e-02
3.583737770058337962e-02
3.108004967564829621e-02
2.689034846504511495e-02
2.615192401710205589e-02
3.583638781371083909e-02
3.699254322019754349e-02
2.213213455714424516e-02
8.682019294119654867e-03
4.358284828243117782e-03
4.800759243504261822e-03
1.879918505403274653e-02
2.711531294431328634e-02
5.023838604032655579e-03
6.509896294928077011e-03
8.880015040519982986e-03
4.685765096319749641e-03
2.813002466541802797e-03
8.037354386346439242e-03
5.744696767963852757e-03
1.107947001794077875e-03
1.191696077806263937e-03
2.289494796713001552e-03
2.286112160801306598e-03
2.136364889589966332e-03
2.938351481891825125e-03
3.571669449458833839e-03
2.011506092150725563e-03
1.703879277180052288e-03
7.226898041497372424e-04
7.981581798365751943e-04
6.842974438714820480e-04
1.260842531745572136e-03
1.956398293034069483e-03
2.977917887232828936e-03
1.800920363988857843e-03
6.502348382410307005e-04
6.517309052143982267e-04
5.679793466280200469e-04
4.514120707922165921e-04
4.449536270783817273e-04
4.938231305419231963e-04
5.509846331411023942e-04
2.521970487579991687e-04
3.276173259704840486e-04
2.930046297564084545e-04
6.419721085000681547e-05
1.735321710789908495e-04
1.127389548153293308e-04
2.089336730164417170e-04
1.187624640642380994e-04
5.700131622373099636e-05
5.456334050572608568e-05
5.042609780585176392e-05
4.191716514820249183e-05
3.108126911877046375e-05
4.363837754333617131e-05
1.688620190944331104e-05
1.557113421020998295e-05
1.044936929442971851e-05
